vi364b9qsq: 1666646585.8004854
iy6rlvk7lo: 1666648095.1044333
jzndiy7mhy: 1666648109.5052238
j95nzeq5do: 1666648116.0678923
be2ryqilzh: 1666648125.2223883
dok5ajjg1n: 1666709931.0223053
r3pj6nd0vm: 1666709964.9374504
zuaj32vlwv: 1666709966.7575102
ffs2wm1jaj: 1666709993.7227492
hpdq2sfn9u: 1666710268.820769
6git5oi6cx: 1666710312.4962242
10f8l7k1g1: 1666815342.0322015
0dr488l9ed: 1666815715.7633338
ugoeqw1xnd: 1666815724.9804323
ok0p1guh99: 1666886479.6191034
mnfet6h2ht: 1666886490.562285
qvztuinb28: 1666886495.980547
hrww8z4fzg: 1666886499.5630493
vjdfji4ahw: 1666886500.230858
thqpnnrrw3: 1666886509.6055582
2ykex2mksw: 1666886530.6940918
c2vl6i8768: 1666900727.6094115
sqio4veva9: 1666903198.6691654
z2r2cr3ooc: 1666910275.6420026
ajaj4qu8ly: 1666910288.7719445
r1dvxxtug8: 1666985646.3755608
cev1koaokf: 1666985657.3903131
iihhyn4ugl: 1667047538.1266856
bfgo6ktic5: 1667047563.3910387
48ioy5088i: 1667047564.505888
81ym0vqg35: 1667047575.225513
n0lode4bnr: 1667047578.379345
wzmjkimrqu: 1667047579.3911214
jf3tiz3pst: 1667054919.1351297
xjtuc269gn: 1667068327.0699172
jace1z1x5s: 1667068329.010031
3ki6mesfg4: 1667068329.795354
rumjgyql4x: 1667068336.963051
x1t0l7763m: 1667068357.1791859
wn7gesqtwm: 1667068357.9030597
zn7eyixvmc: 1667078086.5688622
v7ld89x2mo: 1667078097.5565622
9b7wqv76hg: 1667081654.4247463
ymeq6qz7ls: 1667081664.8733075
pl4kwihrl0: 1667125745.104328
vbhhbcfews: 1667125746.2291026
18enhhitsw: 1667125746.948201
rgytx3pdcf: 1667145091.8993514
rt7aeei4c1: 1667152218.9141827
ij0v2ztqeq: 1667155711.1513636
96pjihxou2: 1667155720.2864544
zlddbtemwd: 1667155721.6267157
jc47x55m1v: 1667155730.5682867
xgnlzsjnv6: 1667155736.0100539
s57fyw2ivf: 1667155742.4193192
7nia0mfnxs: 1667159113.4780586
u4sonktq2t: 1667160106.1759868
bblu2rqua3: 1667160106.8412533
8szb243vg6: 1667160108.12855
legh7s1ixs: 1667168597.6914763
y4kzd0cf9e: 1667168611.4464846
qqdc23t07i: 1667169139.8736446
6f6x9frl7u: 1667169155.4849098
dstoffwdjs: 1667169156.714755
emz1kquo49: 1667169158.9297667
yegc64olms: 1667169159.9458823
5tcklvlery: 1667169165.3695796
ar8b8v4k9b: 1667169166.3456147
1eaxkk7hp6: 1667169169.0075338
z52pqq40sd: 1667169170.1230521
tv6sh2re5v: 1667169212.4986732
xxsp5pxv0c: 1667169240.4847841
2mifnetaw2: 1667169269.0582922
i4huzha62n: 1667169272.0396125
f2qnh75v24: 1667169276.6524215
i96hspmo3t: 1667169277.5622756
powelig9o3: 1667169331.9717488
m8w6e64t99: 1667169346.5204356
sw8zmbnx9f: 1667169354.8372338
6mzcibjmev: 1667169739.1694531
