vi364b9qsq: 1666646585.8004854
iy6rlvk7lo: 1666648095.1044333
jzndiy7mhy: 1666648109.5052238
j95nzeq5do: 1666648116.0678923
be2ryqilzh: 1666648125.2223883
